.Random.seed <-
c(403L, 10L, -975012911L, 28733824L, -1175085986L, -641033303L, 
-794975653L, 885372522L, -1921377524L, 119934287L, -1460840955L, 
1094966460L, -673342062L, -497150323L, 473935047L, 293276078L, 
-669273080L, 1145448459L, 233176297L, 1140562872L, -1085504410L, 
1788454145L, -788880493L, -124836798L, 1636940788L, -1937197577L, 
574917101L, -1735882108L, 993864874L, -672695787L, -1959008593L, 
991233206L, 1384796896L, 763735587L, 1261515073L, -1878930384L, 
-651200946L, -1517976903L, -724044085L, 168234874L, -1299401092L, 
-848563521L, -1571482731L, -1974594644L, -2074535550L, -862134435L, 
723448407L, -77219522L, 1821612408L, 28340827L, -823437895L, 
353970184L, -965387594L, -185740815L, 1755105315L, -175339406L, 
95443652L, 327953543L, -1205542819L, -1223432620L, -53836678L, 
-1523863611L, 386527519L, 1337434278L, 1817788976L, -1571309357L, 
523351793L, 233477664L, -467468098L, -631044919L, 182513275L, 
30923850L, 89040044L, 159908783L, 61122405L, 699366684L, -503167630L, 
-137556499L, 1153778215L, -103067058L, 1965512360L, -348361557L, 
1446186441L, -631832104L, 1286305926L, -1154964127L, 1819121907L, 
-993163422L, -659910188L, 1185739991L, 982005453L, 626900580L, 
783465546L, -1202972235L, 851846415L, 1850348054L, -2145399616L, 
-1162737021L, 1973155489L, 1411987600L, -127134866L, -615047911L, 
2031619499L, 168561562L, -1786240164L, 287327L, -1548506571L, 
1189745100L, 266889506L, 1729276797L, 2012924023L, 1850940830L, 
601396312L, 1009897915L, 1282484057L, -189594392L, 208186646L, 
-1069019503L, 468058947L, 2124643922L, 1496994020L, 2092622631L, 
-1309165699L, -1693246860L, 614491226L, -1381491547L, -1536620865L, 
-1651172026L, -1046928432L, 1767402995L, -1579587311L, 469079360L, 
1803719966L, -1044942359L, -61177061L, -1072591574L, -1877277108L, 
54960655L, -1082354363L, 1096300284L, -1832612526L, -1858182451L, 
1260354183L, -1491149458L, 1829525320L, -2011335861L, -1487349079L, 
-1187041288L, -513310938L, 2013855809L, -788647469L, 1089117058L, 
1126018996L, -810211529L, 1229913645L, -684396732L, -1467323286L, 
1700910805L, -1502363537L, 702251382L, 642976416L, 361379683L, 
932617217L, -1827518608L, -1866100978L, -918394503L, -665854709L, 
-215767494L, 1925168444L, 1487155839L, -1886045739L, -507643924L, 
352291138L, 1014437533L, -575061225L, 771019390L, 1945494072L, 
1604220187L, 1515225721L, -1650475320L, -1121634570L, 1213636401L, 
1916655459L, 1354861874L, -2005471612L, 195365575L, -608540259L, 
113016084L, 154358714L, 911488517L, 121239519L, 620678758L, -1923425808L, 
-1950337261L, -37586767L, 2045848416L, -26945282L, -853210999L, 
1565235131L, 676041098L, -648707988L, 212263407L, 1874704933L, 
-17117476L, 1546626226L, -221452371L, 927619943L, 882145422L, 
-630213272L, -1386863253L, -1529493751L, 962083224L, 1662705862L, 
1821688353L, 853527219L, 248739874L, -93240812L, -1392376169L, 
-954935155L, 218004900L, 212287370L, -1228133387L, 1147716175L, 
-1807977130L, -289738752L, -2110910141L, 641768673L, -1570474416L, 
-1975383378L, -1223281502L, -1650346168L, -1866605044L, 2085580508L, 
-1077325742L, -2070658944L, -1506186412L, -601631768L, -381992198L, 
-197808304L, -2092765140L, 1923948916L, 391185042L, -56405408L, 
-900328308L, -1533368992L, 1579804898L, -779571032L, -336049460L, 
-1570556420L, -1705156686L, 1844709360L, 1273406916L, 2040240472L, 
2000352634L, 515134896L, 765802940L, 1797179988L, -727716414L, 
-733799648L, 445172668L, -776510384L, 160059362L, 1027396456L, 
-515799220L, 949693180L, -1453589774L, -1561194240L, -366709644L, 
124160520L, -312321606L, 461334992L, -731116564L, 1799960468L, 
131194066L, 933693536L, 449565004L, -802638048L, -374908286L, 
-1342658072L, -1945537556L, 1896205884L, 528378482L, 160378736L, 
340099364L, -210768328L, -258138726L, 42010064L, -1646173764L, 
213586580L, 654861954L, -886476352L, 1514499900L, 347776656L, 
1817637666L, -84703736L, -1906116852L, 1802688412L, 51236882L, 
-447732864L, 1687506708L, -1555257048L, 830779450L, -320452656L, 
-594523540L, 974986292L, 376013970L, 1643425120L, 1314689356L, 
1092450784L, 1835380642L, 1314246568L, 1949213836L, 1229431740L, 
1344338034L, 1167647728L, -1013784508L, -1004338088L, 325787706L, 
-1783635856L, 611299900L, 1517435668L, 811867842L, -1551700256L, 
-300198788L, 1301373136L, 945312674L, -1758543320L, -1761524468L, 
1544326076L, 287081778L, -600924992L, -1514090956L, -758073656L, 
-1217407302L, -57630576L, 1644825324L, -1624016300L, 1038728850L, 
-1293976800L, 1669106636L, -576541472L, 1204218562L, 1753231400L, 
907365292L, 2063829692L, 361903602L, -684980688L, 1401982884L, 
-220637768L, -2018345126L, 187295888L, 1215818620L, 1588077332L, 
-2080837310L, 367379200L, -935395396L, -296213680L, -1589250782L, 
-1887990200L, 1696569356L, 1656791132L, -855152174L, 1861421568L, 
-1287601836L, -620972824L, -1195053830L, -1627932976L, -795435732L, 
1597851892L, 756041106L, 1097398624L, 2008094732L, 1157050080L, 
-1654437278L, 1492115112L, -1552468404L, -449930372L, -1172499150L, 
-599335312L, 1503955780L, 615470040L, 1482747770L, 606081584L, 
-556987460L, -1021091244L, -760279998L, -1484130144L, 2124608188L, 
-134505008L, 1462286178L, 29700840L, -1262971700L, 2115030524L, 
-573916686L, 1019254400L, 574604788L, -194616696L, -1902823622L, 
604528464L, 586325100L, -1564152428L, -501916590L, -313726496L, 
1732687052L, -1016217440L, 1425893762L, 111917288L, -1412680980L, 
-524700356L, 1713110130L, -1273469840L, -205935580L, -1084768200L, 
-664954086L, -2061378352L, 1701563196L, -1268090988L, 28790658L, 
-2047531584L, -1399573956L, 1387309456L, -1791612382L, -1500312312L, 
-1646437748L, 498239260L, 390946962L, -402054784L, -629767660L, 
-1727053016L, 859997754L, 1300089296L, 84989292L, 162538420L, 
45894674L, -517312032L, -182615092L, 901677280L, -1844504542L, 
-913019608L, 1974400524L, -1615531204L, 538346482L, -621592848L, 
-1373078972L, 2140446296L, -1163152582L, -2087829008L, 646979260L, 
332385556L, 2061205186L, 1580916832L, -1903147140L, 2116328400L, 
1548455202L, 669771432L, -1631827060L, 1410623047L, -1211165167L, 
1939134358L, 14682868L, 40950917L, -627686961L, 1573573832L, 
-1909000858L, 1145104275L, -640907019L, 1164402898L, 323538720L, 
-1898467575L, -1171441605L, 1989307788L, -779672550L, -829638513L, 
-456077351L, 121057390L, -492817412L, 1244406125L, 972323607L, 
-1790137632L, 412391614L, -1875806581L, 1541639437L, -491085510L, 
787452280L, 310666017L, -829590573L, -1743709452L, -2025835646L, 
-1680211433L, 1702146273L, 986160678L, 1275770660L, 723785685L, 
-1901703297L, 368564760L, 1541191990L, 1553582019L, 163456517L, 
684393890L, 867387792L, -1445433031L, 3376619L, -1720514852L, 
-335940854L, 2073845247L, -5807031L, 315102686L, 578643340L, 
-1568689827L, 1215826279L, -2002609520L, -1419520850L, 852436315L, 
1241909565L, 2018751402L, 2008400968L, -1666716559L, -1289541149L, 
-39287580L, 183132178L, -1843670041L, -1311523919L, 1590072822L, 
1934063636L, -697690331L, -216895441L, -124380696L, -1474937146L, 
-1581465741L, -1178806315L, 121794482L, 226949504L, -682352279L, 
1213064667L, -845177556L, 1264985914L, -216327697L, 1883176057L, 
-1939009778L, 497126108L, -1662957235L, 762807479L, 228662848L, 
-394670306L, -433142293L, -1444759187L, -1376462886L, 1193087384L, 
-1999208447L, -955764301L, 416082132L, 942140898L, -186877833L, 
-1750274623L, 982632262L, 1460343428L, -1727939531L, -1942389729L, 
111221624L, -1796021674L, 1375776483L, -801093467L, -1672799934L, 
-1987748048L, -238613671L, -803741493L, -603000516L, -882541206L, 
-1409378401L, 143032873L, -2122683202L, 2020930988L, -1683092739L, 
-2028386745L, -436628176L, -1543510450L, 2041403003L, 295654877L, 
-130014198L, 508982568L, 381180817L, 217988483L, 1424767620L, 
-745764686L, 61298695L, -192039855L, -897850410L, 78903988L, 
1424640709L, 1523715087L, 1535634568L, -775823962L, 639112531L, 
-2000163147L, 403096594L, 436762080L, -1462298551L, 1340505723L, 
-1029691572L, 680899290L, 1833694927L, 55678617L, 1397017262L, 
